000000000000000000000000000000000000000000000000000000000000000000000000000000000000000000000000000000000000000000000000000000000000000000000000000000000000000000000000000000000000000000000000
000000000000000000000000000000000000000000000000000000000000000000000000000000000000000000000000000000000000000000000000000000000000000000000000000000000000000000000000000000000000000000000000
000000000000000000000000000000000000000000000000000000000000000000000000000000000000000000000000000000000000000000000000000000000000000000000000000000000000000000000000000000000000000000000000
000000000000000000000000000000000000000000000000000000000000000000000000000000000000000000000000000000000000000000000000000000000000000000000000000000000000000000000000000000000000000000000000
000000000000000000000000000000000000000000000000000000000000000000000000000000000000000000000000000000000000000000000000000000000000000000000000000000000000000000000000000000000000000000000000
000000000000000000000000000000000000000000000000000000000000000000000000000000000000000000000000000000000000000000000000000000000000000000000000000000000000000000000000000000000000000000000000
000111001110000111001110000111001110000000111001111000001110011101111111111100001111000001110000000111000111111110111001111000001110000011111111000000000001110011100001110011100001110011100000
000111001110000111001110000111001110000000111001111100001110011101111111111100011111100001110000000111001111111110111001111100001110001111111111000000000001110011100001110011100001110011100000
000111001110000111001110000111001110000000111001111100001110011101111111111100011111100001110000000111001111111100111001111100001110001111111111000000000001110011100001110011100001110011100000
011111111111111111111111111111111111100000111001111110001110011100000111000000011111100001110000000111011110000000111001111110001110011110000000000000000111111111111111111111111111111111111000
011111111111111111111111111111111111100000111001111111001110011100000111000000111111110001110000000111011111000000111001111111001110011100000000000000000111111111111111111111111111111111111000
000111001110000111001110000111001110000000111001111111001110011100000111000000111011110001110000000111001111111000111001111111001110011100000000000000000001110011100001110011100001110011100000
000111001110000111001110000111001110000000111001110111101110011100000111000000111001110001110000000111001111111100111001110111101110111100111111100000000001110011100001110011100001110011100000
000111001110000111001110000111001110000000111001110011111110011100000111000001111111111001110000000111000011111110111001110011111110111100111111100000000001110011100001110011100001110011100000
011111111111111111111111111111111111100000111001110011111110011100000111000001111111111001110000000111000000011110111001110011111110011100000111100000000111111111111111111111111111111111111000
011111111111111111111111111111111111100000111001110001111110011100000111000001111111111001110000000111000000001110111001110001111110011110000111100000000111111111111111111111111111111111111000
000111001110000111001110000111001110000000111001110001111110011100000111000011110000111101111111110111011111111110111001110001111110011111111111100000000001110011100001110011100001110011100000
000111001110000111001110000111001110000000111001110000111110011100000111000011110000111101111111110111011111111110111001110000111110001111111111100000000001110011100001110011100001110011100000
000111001110000111001110000111001110000000111001110000011110011100000111000011100000011101111111110111011111111100111001110000011110000111111110000000000001110011100001110011100001110011100000
000000000000000000000000000000000000000000000000000000000000000000000000000000000000000000000000000000000000000000000000000000000000000000000000000000000000000000000000000000000000000000000000
000000000000000000000000000000000000000000000000000000000000000000000000000000000000000000000000000000000000000000000000000000000000000000000000000000000000000000000000000000000000000000000000
000000000000000000000000000000000000000000000000000000000000000000000000000000000000000000000000000000000000000000000000000000000000000000000000000000000000000000000000000000000000000000000000
000000000000000000000000000000000000000000000000000000000000000000000000000000000000000000000000000000000000000000000000000000000000000000000000000000000000000000000000000000000000000000000000
000000000000000000000000000000000000000000000000000000000000000000000000000000000000000000000000000000000000000000000000000000000000000000000000000000000000000000000000000000000000000000000000
000000000000000000000000000000000000000000000000000000000000000000000000000000000000000000000000000000000000000000000000000000000000000000000000000000000000000000000000000000000000000000000000
000000000000000000000000000000000000000000000000000000000000000000000000000000000000000000000000000000000000000000000000000000000000000000000000000000000000000000000000000000000000000000000000
000000000000000000000000000000000000000000000000000000000000000000000000000000000000000000000000000000000000000000000000000000000000000000000000000000000000000000000000000000000000000000000000
000000000000000000000000000000000000000000000000000000000000000000000000000000000000000000000000000000000000000000000000000000000000000000000000000000000000000000000000000000000000000000000000
000000000001110011100000001111111110000111000111111110111111110001110000000000111100001111000011110000000000000000000000000000000111111111110111111111000111111111111111111100000011100111000000
000000000001110011100000001111111111000111001111111110111111111001110000000001111110001111000111100000000000000000000000000000000111111111110111111111001111111111111111111100000011100111000000
000000000001110011100000001111111111100111001111111100111111111101110000000001111110000111100111100000000000000000000000000000000111111111110111111111001111111101111111111100000011100111000000
000000000111111111111000001110000111100111011110000000111000111101110000000001111110000111101111000000000000000000000000000000000000011100000111000000011110000000000111000000001111111111110000
000000000111111111111000001110000011110111011111000000111000011101110000000011111111000011111110000000000000000000000000000000000000011100000111000000011111000000000111000000001111111111110000
000000000001110011100000001110000011110111001111111000111000111101110000000011101111000011111110000000000000000000000000000000000000011100000111111111001111111000000111000000000011100111000000
000000000001110011100000001110000011110111001111111100111111111101110000000011100111000001111100000000000000000000000000000000000000011100000111111111001111111100000111000000000011100111000000
000000000001110011100000001110000011110111000011111110111111111001110000000111111111100000111100000000000000000000000000000000000000011100000111111111000011111110000111000000000011100111000000
000000000111111111111000001110000011110111000000011110111111110001110000000111111111100000111000000000000000000000000000000000000000011100000111000000000000011110000111000000001111111111110000
000000000111111111111000001110000111100111000000001110111000000001110000000111111111100000111000000000000000000000000000000000000000011100000111000000000000001110000111000000001111111111110000
000000000001110011100000001110011111100111011111111110111000000001111111111111000011110000111000000000000000000000000000000000000000011100000111111111011111111110000111000000000011100111000000
000000000001110011100000001111111111000111011111111110111000000001111111111111000011110000111000000000000000000000000000000000000000011100000111111111011111111110000111000000000011100111000000
000000000001110011100000001111111110000111011111111100111000000001111111111110000001110000111000000000000000000000000000000000000000011100000111111111011111111100000111000000000011100111000000
000000000000000000000000000000000000000000000000000000000000000000000000000000000000000000000000000000000000000000000000000000000000000000000000000000000000000000000000000000000000000000000000
000000000000000000000000000000000000000000000000000000000000000000000000000000000000000000000000000000000000000000000000000000000000000000000000000000000000000000000000000000000000000000000000
000000000000000000000000000000000000000000000000000000000000000000000000000000000000000000000000000000000000000000000000000000000000000000000000000000000000000000000000000000000000000000000000
000000000000000000000000000000000000000000000000000000000000000000000000000000000000000000000000000000000000000000000000000000000000000000000000000000000000000000000000000000000000000000000000
000000000000000000000000000000000000000000000000000000000000000000000000000000000000000000000000000000000000000000000000000000000000000000000000000000000000000000000000000000000000000000000000
000000000000000000000000000000000000000000000000000000000000000000000000000000000000000000000000000000000000000000000000000000000000000000000000000000000000000000000000000000000000000000000000
000000000000000000000000000000000000000000000000000000000000000000000000000000000000000000000000000000000000000000000000000000000000000000000000000000000000000000000000000000000000000000000000
